$ANSIBLE_VAULT;1.1;AES256
32613863616131303232313563636539386561303763643934663637333462343263343431333238
3365383766666536633862383636643761363931396237630a626266373039306564376438313063
34316466636165613030383232366538373934633534393365303437313935363465316339663432
3936363864636231630a333034663561306662336366306461343131343138353964383138393838
32333538613164343130646233366162333634366533313336336463396165323965663635343137
35613961633864636461366366663136306332333464363632313636366566316564613838343237
37333737353130376161653036326665623661373364373866373737613665353932613566613930
61323935616130333032336263323137653937616233386261626339393539353230623635633131
62383334666539646463363762316333316334633138363063666433643238323837313363616430
64646632376564636531323234653265306134316433323134343966623939666663316538396439
35366537356163346366366530626461303933633732666264373836316661373664373231636339
36616466386463636364326139396332383939366331666162323639343762336430626534633134
66346566393331643439616633333432636138643363313433316561376638656635646631656132
63333633343035343933306639623165333265653363346631663434306432613262646361396435
37333135313936643730656430396536323731643261323765353166353163353835646262616332
39376137346639623830396234313438353938663764643035663161613363313533303538366236
65376330306561343166396463626632333433623465623665316131313261643764396138346130
34366238396237336263366661616630396337313032306434383935306465663932363033656332
62643238366636623031336633383037653135646236666265316434323863313233303434616134
31373432626130313262653866656664306565663963353432656562653165636362356264366538
39353039633932626232656538626635313736316633326561386631633565353936383263323866
63663164636164313934396238343864376432346435313031373535343465316164373536356564
62323962623666643331643339653438663464376536303732396635393830336237363737343037
61626634363435663062353231626230343134366664393061643639363165386234326265626162
66313265393732396235336133656162333562353339326630313363316364643638323161646238
34343031626163633636653265613137643964613937343731656663623363623832393033333537
38363965633439653332623664306563303961303363633036336238326465333839396635343236
62663337343537343031346539353433343166623961303938643230616534303236643438373337
61653635323161366633323563353163623439396437623738323166386664383434376136636535
34303964646534326332626365336562626534383639373433396635313031623536333631363739
62643664333266623131653731333064383765616537383639333033343638373034366134313237
32353364373465633133373834316433303933316534633134353335373866663931353532333463
65323436336233636134396236323166623038346333333463323763303434363965616235353566
62326235323035353832653664646434306163613339336531353261366164313362646135373836
62323738373430613865613031663661373239343737646462633639303936303363626139323261
30303366383562343364646665323830346631316331666539353435633566353433313561616265
38343735333736333830316564663663646664373038393038393062376263313363353065373335
65353237616561376434373931306430613837333963383036623163333863656266633037383634
61333433383063663631653431393731383235336162656266656365323762666332303838353163
30633830616461643462373965383134386639663432613662386466646164386237653062633338
61306635636366313165333833613836343065353935353261613831396564333534356633666164
37323934616463326661356237623539313834336265336564393638353232626635366461303232
34366139636638356164383466666631396631396238353666336633396261383535643830633563
32623930333265306533316534616233623534396363333633366437393938333438393233313739
32373365323232613064303330303335623037396230316464363534656538356131393162333231
37616537323536663231343330393131326365353362613965303833323132653730316561316335
35646135376462373936346262303264396464306630356236636262356237346662313861623038
66306635323533333332356231383037623331353335336331333138643938653439656535366134
64396530616339616631323263623339366265663466353439343833666333346536336333323366
37303732346638316463616265643438643866393535663639656362613138363931316538316531
65336130613363396263663635303731643330626133646363346433336433643832336135393232
39363536623764313064393936333130363930373836623165306436326566323165646364306433
65363636366336663962383334623664346335663337343130343037616564653033303966386534
30383336323937393565653731323630663236633733336536323162376662663835613461373936
61386636633864346136633335323537613433383962303034333231386238653031386361616532
30333561623963333663616138343663316365333035336261653563353035626364663036303561
31363465646535396165373663376432346462656162633764356135346630326165663039653161
33663835356336643032386132663034383537663634346230626537356432623434353837636161
64616332363332353864633638303830343630386165376437343362663063633033663134306565
31326535323762336561386435343064306263303835343230323039303033363231633834656538
63653536613132643563396330376136623963643135376234623135663761376231656532383234
31303039616561616431313131323662653430396166386265376434646335633432376630383830
35373066303666656535343632353238306333346363396566343737646339353230376532373231
30393963333263336633373431623666363137633565666335393835666539346438393839646139
35346164613837663161316136383431373238343939613563623631353166303865626437306535
62303663386662326134633338613934396465653666613033306137323431343235653034396466
63356162636630313834396633663566373833356436616333663164303463303838366534666133
61636237616538366235356338626536346163323665636461653837653236316134346661326464
64386366316632303462656639353861303931626366333764316261613739323163356338663161
32336161643962363537616432386235626331386131353465323832646439343737633664616236
64383866663164396233623861393735653031363131316564373337653635356530613039363636
65653665356663313033653335383366313731393862336437663164316264643734303335346634
30646234336531623561356361303562343732653238353465376665643364666238663430313437
62633066636461373564663436616133336633666262626531386530306465303264666533633061
30363731373661323230393431326635643835373764346531383234643431313864663861343838
63383936666437316263666566363266383632313739333737336561323936346361396238326339
66326530313233666239646331316437323066373635303061393934616166336534636430373530
31376237313234373563336562306564386338323838653966373866303737376136653566303737
34653161646433303032653537303064366133633962613136333136386262323366353238363561
38383462323934626136313432613065343939626665363634383266656134303032326537353139
34633637346565633037396365643830396432303264313130663638356639626362613330333930
30373737656233343361313965396637303566653038636536386533316130323161343237393234
38303562366235363538303037656466306239383834323635376136343366346162653533623433
61366130613961323934656232323364366539363765666530363361306462383037393133333434
36326265333439623565343562616261656361313833643563386432363561303764373339316535
35316135623735393332383333633736303530653337346338306534386465333034663135623839
63303763356632303239303161663561316637333031613732316362333932356637393761386137
34306263303436386264393737353261643631663832616538613634623962613435386334333032
32303064643661653663336139353033336362333963623964356362623536393864636466336366
63343863663361333438386434643535373630646437373762306532346231353732363065663265
32316332376535643666613131326137313636316263663630303562393165613563386165653564
39333930376362663035356465303039613562353537336564326431326132313861336539613737
32633962353263323632336236376235303735343935363831353135323561623165363961316130
35653565356432613362666238333965343564356162663334633339646230306234666333336537
32343039323537393733633739383437376466396263653565326661366562613364613566666463
64613932323732653730626238323964333965383865666436343230383065336533393265356638
66386263393238616463386363643239613633646235616263363434663937303137303262643833
66376436646331306561356231306134333265336362303961636534396236363834626537363732
34633466386263636465343136643763353037393566396366336363316534343164373530306366
31623665646634376165666232663665623737656431646438346531623137396435636266653932
32336637326238646663633537386663316434376438326566373966363830393035373332343664
65643834336664363131376634643538373834393863323631656632396231316462663465626236
62663361363762303531653839313363353835666436396236633538323331383762353330313235
35633738336538366131376431376535343039376161383535623463376232353232616161373030
39323362326133643862396535383332366430636361336565373837643036353334613461326265
35326561373764653134316462343531326435376232323134306134633362623133386166396637
33376461303563663163346130633735393833336461636261626633666463343131633332376161
36393830633337393031636162313464663936333862613531646464386137656266653037613263
31383862666333376465623932336531353561653234386431376630613266643365653339393339
37336230393731623838363335626666373062633538393731373934666632373061633533303865
65663333326139346164396532313134633433333639383430616363636439343163306538373038
31656462656431336266303236366439653237376665383661316562366264343665383562623630
37643735376638353537353534306161366535326536666236653631343134313735653136643765
34663662643163343962386665316532666162313535303566636366633935626163636663373634
35633563623664343433623535363762353632303735363665376236353361376235663365653465
65333530366466306134616537323739656232373032623162363633636631353264306531313963
39633561313661613035383565666138643237393931656438643833336266383364383934633638
62626163326263383361323363643435323338653335663062626532333630303735346663636361
65316564313037636133626665333565313864383230653636616566393339666261633761313137
62633961346464333963393463323735323435313565333765326231376264636630373965633838
61396162373539663536366231633238663363366462636464363239666262623465643063646531
35643164323139653966663938383864616332316133326431363035353634633566336436346336
30316264383239373665636366346262653066386339623337646663393435623635363239643835
32616635636563346138626262306531336361376661356236366131393236656265356630303833
65306630353530393966383963303662316535393863663532623139326461616332626365386466
61386432633264363436653531313532343363386537303037646561656539326362303763393630
36333436666264383933386438353835376633623237303138353462653734323461383237663730
66343631333963626330656232613765303664333865376461393731313937353164326438303630
38616335333339333466646136633738363136623139303261336164316133343066663662343134
39656435343335396362343433353839303835643666323937666661303434383236633866383365
38316439656662623238343831376366643837336635373965376531656638316465613539633937
39323565313338363633323938356336396537663439393866303934393061373733613034633834
61313638316437656561643362346231316333363336616664386431653235363564633761336635
62633763353162393237613765656430613739366263393462326165636335326538373033316463
61616333663830396638666435663366373262646636393130653135373138383861353430306631
36613232356336633234386464656439656633333966663536323633666332653830353364636565
66613232373839383237613532383339313730346461663265373734386632643566613332333530
62383565363631316435653238336361313163373038323663373962393334356130653035303832
39366535386539663133633935333538643465336635666339633164356436313533396534613262
33363063373263356433313264373362316130643039656265623031653337353666643939376262
30633133383962383764333435633838386633316266666333366563313737613164343962646536
62383933626334653365636135383138336233633365356538663531383639613461633431633861
62636539376137346264336231373164643966376162646264636637626462333635326430353634
32333732646130353231383631653238663038626130636166633536336362633061373761383937
62626661656161333961666431353139333530323564346264373566363866333030376332363462
38323534333532616237616234343138353634363661313730633165396132303436613866343463
34333235643534663961363764346462636630353532616137303632363138653361353761333632
34383638323238353333636530326136663366323563613361303931636132643765333762623230
34626133333632623761353139383166323033383264373038313739376434393136633835666137
31666263646433326534396565646266316261366236663635633561356633353537613832393733
65646363663063646465656133623534643736646335363939663863363838643130353066393362
30346435613139323363303039373137353662616134373135396564636236623561363834363836
62626537373062656530373963316435323037373761353461303532323133363263636437656536
32633534343532343639643938366132373237396637646464306661396338656439323437363861
63306135343139636531663566366364313863613036366663383362363236393661366662323033
34343664653965326634353132653166326361303638613537363332323862376463656634393630
64313834303733373766316239616532653033653733313233633338386231663637623339303436
66613464663561356163313935653062326534633564343264366135363864313432373966656138
66666364636266333730326465363132393633323833383130323332393332336535383466393832
33613639343664626263643135383065663837373431353561663236643037333462353665636336
36333061613737373034343565326335616637346262323035313031373037656439396561353765
66356163306362386162616261356365626466306562623431653764623937623630643863343565
35313439353031376564653035613431376336616561343263373962336537373837656464323465
34616233303563613064353331313764653666663761393939333266343831313731346637656436
66316363663536633933333461666461633238343036373561343935346436636366663565633661
39306235623465306164356161303738666531326362663437393964303366313736383230386336
31666465633530623235343532313931343432336361383035373166393365643062373461623437
30356464663162393163326231313337303539313833643634613437393737643661313362663037
33366661353435623932326463386362386632653164386333356531363865393962303863356134
63303763633964633538613735363638333361623930303435306462333839646337393039376534
35363365333763373561323735653331336339663530613965356261613338313230356338653165
32656539313966366366396533643936376662373631623062353830393337623162633333396530
65373431623630646537353935393134333439623533363266313932333838663636343532383139
3037356237626463356561326538303262613934653231363235
